 
To get started, type doc.
For product information, visit www.mathworks.com.
 
Parameter vector

param_est =

    5.1082
    0.6662
    0.5387
    2.0954
   11.4412
    0.7472
    0.3118
    0.3731

Estimated Margins

margin =

    0.5918    0.5783    0.5048    0.4993    0.4590


ans =

  6x6 logical array

   0   0   0   0   0   1
   0   0   0   0   0   1
   0   0   0   0   0   1
   0   0   0   0   0   1
   0   0   0   0   0   1
   1   1   1   1   1   1


ans =

         0    0.4409    0.1768    0.1602    0.0487    3.9900
    0.5591         0    0.2359    0.2193    0.1078    4.1082
    0.8232    0.7641         0    0.4834    0.3719    4.6364
    0.8398    0.7807    0.5166         0    0.3885    4.6696
    0.9513    0.8922    0.6281    0.6115         0    4.8926
         0         0         0         0         0         0


ans =

    0.1338


ans =

    2.4099    2.3267    1.9217    1.8137    1.7681
    2.4099    2.3267    1.9217    1.8137    1.7681
    2.4499    2.3712    2.0192    1.9971    1.8485

How close are prices and shares?

ans =

    1.3253    1.3280
    1.2827    1.2824
    1.0924    1.0964
    1.0804    1.0662
    1.0000    1.0000


ans =

    0.1496    0.1490
    0.1239    0.1250
    0.1380    0.1314
    0.2746    0.2872
    0.3138    0.3074

Shares from each segment

ans =

         0    0.4376    0.1336    0.0526    0.0184    4.0501
    0.5624         0    0.1960    0.1149    0.0808    4.1748
    0.8664    0.8040         0    0.4189    0.3848    4.7828
    0.9474    0.8851    0.5811         0    0.4658    4.9449
    0.9816    0.9192    0.6152    0.5342         0    5.0132
         0         0         0         0         0         0


ans =

    2.4499    2.3712    2.0192    1.9971    1.8485
    2.8703    2.4045    2.0651    2.0971    1.9107
    2.8703    2.4047    2.0654    2.0971    1.9107


ans =

    2.4499    2.3712    2.0192    1.9971    1.8485
    2.5115    2.5252    2.2483    2.0285    1.8812
    2.4551    2.5252    2.2483    2.0377    1.8837


ans =

    2.4499    2.3712    2.0192    1.9971    1.8485
    2.4805    2.3560    2.3922    2.2511    1.9749
    2.4805    2.3560    2.3922    2.2511    1.9749


ans =

    2.4499    2.3712    2.0192    1.9971    1.8485
    2.4499    2.4896    2.2400    2.2281    2.0459
    2.4499    2.4896    2.2400    2.2281    2.0459


allprices =

    1.8485    1.9971    2.0192    2.3712    2.4499
    2.0459    2.2281    2.2400    2.4896    2.4499
    1.9749    2.2511    2.3922    2.3560    2.4805
    1.8837    2.0377    2.2483    2.5252    2.4551
    1.9107    2.0971    2.0654    2.4047    2.8703


allshare =

    0.3138    0.2746    0.1380    0.1239    0.1496
    0.3251    0.2584    0.1311    0.1233    0.1620
    0.3649    0.2352    0.1040    0.1376    0.1583
    0.3303    0.2863    0.1112    0.1151    0.1569
    0.3328    0.2677    0.1478    0.1327    0.1190


allprice_agg_pre =

    2.0676
    2.0676
    2.0676
    2.0676


allprice_agg =

    2.2386
    2.2158
    2.1319
    2.1632


allprice_merged_pre =

    1.8975
    2.0039
    2.1982
    2.2114


allprice_merged =

    2.1016
    2.2943
    2.3891
    2.4245


allprofit =

    7.8958    8.1186    4.1715    5.0377    6.4306
    9.9568    9.2952    4.7594    5.3806    6.8806
   10.4246    8.6237    4.2438    5.4681    6.8669
    8.5656    8.7181    4.0741    5.1515    6.7000
    8.7607    8.4878    4.5506    5.3890    6.4340


allprofit_agg_pre =

   31.6543
   31.6543
   31.6543
   31.6543


allprofit_agg =

   36.2727
   35.6272
   33.2094
   33.6221


allprofit_merged_pre =

   12.0674
   12.2902
    9.2092
   10.6022


allprofit_merged =

   14.7163
   12.8675
    9.2256
   10.9846


allcs =

   72.0964
   67.1165
   67.5102
   70.0165
   68.7778


values =

  4x5 cell array

    {'10.8'}    {'22.0'}    {'8.3'}    {'14.6'}    {'-6.9'}
    {'14.5'}    {'4.7' }    {'7.2'}    {'12.6'}    {'-6.4'}
    {'8.7' }    {'0.2' }    {'3.1'}    {'4.9' }    {'-2.9'}
    {'9.6' }    {'3.6' }    {'4.6'}    {'6.2' }    {'-4.6'}


allprices_sbn =

    1.7681    1.8137    1.9217    2.3267    2.4099
    1.8851    1.8712    2.1126    2.3556    2.4354
    1.8178    1.9139    2.1146    2.3635    2.5382
    1.8078    1.8522    2.0005    2.4098    2.4172
    1.8215    1.8530    2.0187    2.3368    2.4854


allprice_sbn_agg_pre =

    1.9670
    1.9670
    1.9670
    1.9670


allprice_sbn_agg =

    2.0585
    2.0604
    2.0069
    2.0065


allprice_sbn_merged_pre =

    1.8123
    1.8468
    2.1277
    2.1395


allprice_sbn_merged =

    1.9505
    1.9755
    2.2086
    2.2269


allprofit_sbn =

    6.4712    7.6316    3.7561    4.8206    6.1978
    7.0437    8.7492    3.9247    5.0326    6.4246
    7.4330    8.2435    3.9286    5.0766    6.4162
    6.8511    8.0411    3.8882    4.8954    6.3351
    6.8711    8.1643    3.8981    4.9637    6.3000


allprofit_sbn_agg_pre =

   28.8773
   28.8773
   28.8773
   28.8773


allprofit_sbn_agg =

   31.1748
   31.0980
   30.0108
   30.1971


allprofit_sbn_merged_pre =

   10.2273
   11.3877
    8.5767
    9.9539


allprofit_sbn_merged =

   10.9684
   12.1722
    8.7835
   10.1981


allshare_sbn =

    0.2817    0.3136    0.1363    0.1215    0.1470
    0.2678    0.3380    0.1187    0.1249    0.1506
    0.3078    0.3055    0.1194    0.1261    0.1413
    0.2851    0.3172    0.1307    0.1167    0.1503
    0.2815    0.3221    0.1288    0.1250    0.1427


ans =

    1.9655
    2.0491
    2.0532
    2.0089
    2.0162


allcs_sbn =

   75.1530
   72.6909
   72.3788
   73.8144
   73.5862


values_sbn =

  4x5 cell array

    {'7.6'}    {'7.2'}    {'4.7'}    {'8.0'}    {'-3.3'}
    {'7.0'}    {'6.9'}    {'4.7'}    {'7.7'}    {'-3.7'}
    {'3.8'}    {'2.4'}    {'2.0'}    {'3.9'}    {'-1.8'}
    {'4.1'}    {'2.5'}    {'2.0'}    {'4.6'}    {'-2.1'}

\begin{table}                                     
\centering                                        
\begin{tabular}{cccccc}                           
\toprule                                          
 & values & values & values & values & values \\  
\midrule                                          
Merger with A & 10.8 & 22.0 & 8.3 & 14.6 & -6.9 \\
Merger with B & 14.5 & 4.7 & 7.2 & 12.6 & -6.4 \\ 
Merger with D & 8.7 & 0.2 & 3.1 & 4.9 & -2.9 \\   
Merger with E & 9.6 & 3.6 & 4.6 & 6.2 & -4.6 \\   
\bottomrule                                       
\end{tabular}                                     
\caption{MyTableCaption}                          
\label{table:MyTableLabel}                        
\end{table}                                       
\begin{table}                                                       
\centering                                                          
\begin{tabular}{cccccc}                                             
\toprule                                                            
 & values_sbn & values_sbn & values_sbn & values_sbn & values_sbn \\
\midrule                                                            
Merger with A & 7.6 & 7.2 & 4.7 & 8.0 & -3.3 \\                     
Merger with B & 7.0 & 6.9 & 4.7 & 7.7 & -3.7 \\                     
Merger with D & 3.8 & 2.4 & 2.0 & 3.9 & -1.8 \\                     
Merger with E & 4.1 & 2.5 & 2.0 & 4.6 & -2.1 \\                     
\bottomrule                                                         
\end{tabular}                                                       
\caption{MyTableCaption}                                            
\label{table:MyTableLabel}                                          
\end{table}                                                         
